offset_mm = 0.48932
enc_per_mm = 1.79342
