Kp = 0.300000
Ki = 9.000000
Kd = 0.800000
address = 0x80
