Kp = 1.000000
Ki = 2.000000
Kd = 3.000000
address = 0x1
