Kp = 50.000000
Ki = 4.000000
Kd = 3.000000
address = 0x1
