Kp = 0.000000
Ki = 0.000000
Kd = 0.000000
max_pwm = 0
home_pwm = 0
address = 0x0
