Kp = 1.000000
Ki = 1.000000
Kd = 0.000000
address = 0x2
