Kp = 9.000000
Ki = 0.700000
Kd = 3.000000
address = 0x90
