Kp = 90.498375
Ki = 6.000000
Kd = 6.000000
address = 0x2
