Kp = 0.600000
Ki = 0.000000
Kd = 0.010000
max_pwm = 128
home_pwm = -60
address = 0x4
